MethodID	sample1	sample2	Heterogeneous.Selection	Homogeneous.Selection	Dispersal.Limitation	Homogenizing.Dispersal	Drift.and.Others
CbMPDiCBraya	A_1_2	A_1_1	0.002112606	0.326332402	0.072036579	0.044385053	0.55513336
CbMPDiCBraya	A_1_3	A_1_1	0.000103532	0.254615208	0.156778228	0.048096611	0.540406421
CbMPDiCBraya	A_1_4	A_1_1	0.000787134	0.306818679	0.076870861	0.040765502	0.574757824
CbMPDiCBraya	A_1_5	A_1_1	0.000414202	0.262109362	0.183545426	0.029217873	0.524713138
CbMPDiCBraya	A_1_6	A_1_1	0.001181249	0.31386736	0.077088979	0.112780486	0.495081926
CbMPDiCBraya	A_1_7	A_1_1	0.001410151	0.315814601	0.120209877	0.051579427	0.510985943
CbMPDiCBraya	A_1_8	A_1_1	0.0014703	0.304926919	0.296950791	0.080325026	0.316326964
CbMPDiCBraya	A_1_9	A_1_1	0.001118414	0.318449467	0.318557481	0.081576243	0.280298395
CbMPDiCBraya	A_1_10	A_1_1	0.001511899	0.402931568	0.252962586	0.042394414	0.300199533
CbMPDiCBraya	A_1_11	A_1_1	0.001408027	0.308042737	0.290391566	0.086701107	0.313456563
CbMPDiCBraya	A_1_12	A_1_1	0.001491089	0.398000959	0.146160437	0.023191624	0.431155891
CbMPDiCBraya	A_2_1	A_1_1	0.000683457	0.217071543	0.147157491	0.054213022	0.580874487
CbMPDiCBraya	A_2_2	A_1_1	0.000828511	0.297831637	0.152673985	0.046044748	0.502621119
CbMPDiCBraya	A_2_3	A_1_1	0.000600539	0.227380293	0.168626061	0.037350754	0.566042353
CbMPDiCBraya	A_2_4	A_1_1	0.000165745	0.313644827	0.06567118	0.102886685	0.517631564
CbMPDiCBraya	A_2_5	A_1_1	0.000248543	0.223096868	0.177310914	0.040925186	0.558418489
CbMPDiCBraya	A_2_6	A_1_1	0	0.27798851	0.156662302	0.039289576	0.526059613
CbMPDiCBraya	A_2_7	A_1_1	0	0.233252017	0.224386343	0.102240899	0.440120741
CbMPDiCBraya	A_2_8	A_1_1	0.000393749	0.457776383	0.196542165	0.080551681	0.264736022
CbMPDiCBraya	A_2_9	A_1_1	0.000227838	0.305008413	0.247958723	0.054645488	0.392159538
CbMPDiCBraya	A_2_10	A_1_1	0.000538478	0.251942241	0.296808289	0.03315405	0.417556942
CbMPDiCBraya	A_2_11	A_1_1	0.001905288	0.17871774	0.356754653	0.031560949	0.43106137
CbMPDiCBraya	A_2_12	A_1_1	0.000248573	0.257062963	0.153473141	0.043585881	0.545629441
CbMPDiCBraya	A_3_1	A_1_1	0.030255188	0.22547127	0.330554163	0.003892278	0.4098271
CbMPDiCBraya	A_3_2	A_1_1	0.001014474	0.263339954	0.161142545	0.015777212	0.558725815
CbMPDiCBraya	A_3_3	A_1_1	0.01000325	0.22115839	0.275373395	0.024954472	0.468510493
CbMPDiCBraya	A_3_4	A_1_1	0.028725565	0.247412506	0.352765205	0.011243504	0.35985322
CbMPDiCBraya	A_3_5	A_1_1	0.0011805	0.251207903	0.224431489	0.018950588	0.50422952
CbMPDiCBraya	A_3_6	A_1_1	0.010975431	0.254712819	0.260953381	0.017496862	0.455861508
CbMPDiCBraya	A_3_7	A_1_1	0.000869774	0.23015602	0.364300394	0.108486691	0.296187121
CbMPDiCBraya	A_3_9	A_1_1	0.000497049	0.189370781	0.367571169	0.141700955	0.300860046
CbMPDiCBraya	A_3_10	A_1_1	0.000621387	0.169077168	0.44894485	0.144653586	0.236703009
CbMPDiCBraya	A_3_11	A_1_1	0.000724788	0.189025087	0.379725015	0.045603094	0.384922017
CbMPDiCBraya	A_3_12	A_1_1	0.018969872	0.249007893	0.278292517	0.014183989	0.439545728
CbMPDiCBraya	A_4_1	A_1_1	0.03694542	0.132641974	0.590832422	0.012403445	0.227176739
CbMPDiCBraya	A_4_2	A_1_1	0.03331876	0.297385693	0.383706858	0.004886726	0.280701963
CbMPDiCBraya	A_4_3	A_1_1	0.040094754	0.240358061	0.5226364	0.004990789	0.191919997
CbMPDiCBraya	A_4_4	A_1_1	0.033988179	0.247255362	0.416488956	0.015264448	0.287003055
CbMPDiCBraya	A_4_5	A_1_1	0.032000507	0.239390655	0.492779812	0.014436306	0.22139272
CbMPDiCBraya	A_4_6	A_1_1	0.025284702	0.173571838	0.524996814	0.010229471	0.265917176
CbMPDiCBraya	A_4_7	A_1_1	0.002028951	0.230627422	0.391039236	0.003292764	0.373011626
CbMPDiCBraya	A_4_8	A_1_1	0.001097406	0.307744442	0.384650432	0.007599941	0.298907779
CbMPDiCBraya	A_4_9	A_1_1	0.00053847	0.20225377	0.502287255	0.008552093	0.286368412
CbMPDiCBraya	A_4_10	A_1_1	0.027127878	0.257197759	0.481500634	0.010974521	0.223199207
CbMPDiCBraya	A_4_11	A_1_1	0.001553555	0.222255777	0.515784404	0.004204787	0.256201477
CbMPDiCBraya	A_4_12	A_1_1	0.017956297	0.321724575	0.237380628	0.01091265	0.412025849
CbMPDiCBraya	A_5_1	A_1_1	0.001697945	0.205454722	0.267296637	0.017495847	0.508054849
CbMPDiCBraya	A_5_2	A_1_1	0.000807453	0.176693971	0.299972612	0.009089422	0.513436541
CbMPDiCBraya	A_5_3	A_1_1	0.00130471	0.18225298	0.302610623	0.037975453	0.475856234
CbMPDiCBraya	A_5_4	A_1_1	0	0.127841939	0.444728818	0.01977216	0.407657084
CbMPDiCBraya	A_5_5	A_1_1	0.000517751	0.173699066	0.288693879	0.030893898	0.506195405
CbMPDiCBraya	A_5_6	A_1_1	0.000724897	0.202929042	0.359814022	0.080192787	0.356339253
CbMPDiCBraya	A_5_7	A_1_1	0.00147037	0.126280459	0.51901786	0.075679971	0.277551341
CbMPDiCBraya	A_5_9	A_1_1	0.000538234	0.176671154	0.465611723	0.088928908	0.268249981
CbMPDiCBraya	A_5_10	A_1_1	0.000994218	0.192255944	0.213756061	0.027092305	0.565901472
CbMPDiCBraya	A_5_11	A_1_1	0	0.106607028	0.385503342	0.062348533	0.445541096
CbMPDiCBraya	A_5_12	A_1_1	0.000393522	0.152631679	0.401704184	0.031189181	0.414081434
CbMPDiCBraya	A_1_3	A_1_2	0.0013043	0.23961124	0.002857486	0.062300263	0.693926711
CbMPDiCBraya	A_1_4	A_1_2	0.000662828	0.341811614	0.134910081	0.077261004	0.445354473
CbMPDiCBraya	A_1_5	A_1_2	0.000434886	0.300423947	0.024576161	0.046070261	0.628494745
CbMPDiCBraya	A_1_6	A_1_2	0.001015834	0.308974178	0.007275387	0.031298601	0.651436
CbMPDiCBraya	A_1_7	A_1_2	0.001824819	0.327212673	0.035549959	0.029478683	0.605933866
CbMPDiCBraya	A_1_8	A_1_2	0.001718584	0.319707651	0.219401158	0.049922826	0.40924978
CbMPDiCBraya	A_1_9	A_1_2	0.00209155	0.433967424	0.12939199	0.052642836	0.381906201
CbMPDiCBraya	A_1_10	A_1_2	0.001822353	0.394740876	0.143873315	0.042474057	0.417089399
CbMPDiCBraya	A_1_11	A_1_2	0.001884192	0.430414998	0.081100092	0.020478873	0.466121846
CbMPDiCBraya	A_1_12	A_1_2	0.000579704	0.396476196	0.017434131	0.065595743	0.519914226
CbMPDiCBraya	A_2_1	A_1_2	0.000393449	0.270510951	0.047142293	0.027104393	0.654848914
CbMPDiCBraya	A_2_2	A_1_2	0.000269261	0.304302186	0.020319019	0.024585296	0.650524238
CbMPDiCBraya	A_2_3	A_1_2	0.001180035	0.210509846	0.076231961	0.061490594	0.650587564
CbMPDiCBraya	A_2_4	A_1_2	0.000414332	0.321709888	0.056290813	0.022705919	0.598879047
CbMPDiCBraya	A_2_5	A_1_2	0.000124261	0.288077051	0.018327868	0.050842693	0.642628127
CbMPDiCBraya	A_2_6	A_1_2	0.000828413	0.287295124	0.078678125	0.083856293	0.549342045
CbMPDiCBraya	A_2_7	A_1_2	0.000663046	0.293334602	0.138846317	0.088830372	0.478325664
CbMPDiCBraya	A_2_8	A_1_2	0.000373164	0.443466378	0.113073121	0.06618474	0.376902598
CbMPDiCBraya	A_2_9	A_1_2	0.001429251	0.307377115	0.132643381	0.044514033	0.51403622
CbMPDiCBraya	A_2_10	A_1_2	0.000724723	0.229171438	0.191967442	0.033110895	0.5450255
CbMPDiCBraya	A_2_11	A_1_2	0.001138848	0.258565407	0.122064655	0.037585391	0.580645699
CbMPDiCBraya	A_2_12	A_1_2	0.000248567	0.246861698	0.062766037	0.033082389	0.657041308
CbMPDiCBraya	A_3_1	A_1_2	0.044543553	0.258248246	0.186027264	0.024307223	0.486873713
CbMPDiCBraya	A_3_2	A_1_2	0.012174694	0.251481338	0.105380861	0.015879526	0.615083581
CbMPDiCBraya	A_3_3	A_1_2	0.04367712	0.21561817	0.18812943	0.023130947	0.529444333
CbMPDiCBraya	A_3_4	A_1_2	0.04307533	0.234434558	0.171674534	0.010911816	0.539903762
CbMPDiCBraya	A_3_5	A_1_2	0.001801795	0.229388327	0.225349176	0.021248743	0.522211959
CbMPDiCBraya	A_3_6	A_1_2	0.01095367	0.238008062	0.125717176	0.026812732	0.59850836
CbMPDiCBraya	A_3_7	A_1_2	0.00045556	0.189762671	0.333844194	0.035926799	0.440010775
CbMPDiCBraya	A_3_9	A_1_2	0.000186371	0.156915684	0.275236774	0.026111475	0.541549695
CbMPDiCBraya	A_3_10	A_1_2	0.001843647	0.194113441	0.421964467	0.026451809	0.355626636
CbMPDiCBraya	A_3_11	A_1_2	0.003230781	0.161801194	0.239989535	0.024684857	0.570293634
CbMPDiCBraya	A_3_12	A_1_2	0.036137252	0.230356135	0.106992867	0.015404285	0.611109461
CbMPDiCBraya	A_4_1	A_1_2	0.063054529	0.160468902	0.533678717	0.038060003	0.204737849
CbMPDiCBraya	A_4_2	A_1_2	0.054872718	0.266921904	0.44105004	0.00484503	0.232310308
CbMPDiCBraya	A_4_3	A_1_2	0.055293257	0.192427036	0.52568674	0.007868898	0.218724069
CbMPDiCBraya	A_4_4	A_1_2	0.06099329	0.244470218	0.418979372	0.039454063	0.236103057
CbMPDiCBraya	A_4_5	A_1_2	0.060662933	0.251951962	0.505354651	0.033220755	0.148809699
CbMPDiCBraya	A_4_6	A_1_2	0.044957254	0.216517351	0.342319482	0.043339766	0.352866147
CbMPDiCBraya	A_4_7	A_1_2	0.005549232	0.231346577	0.419313967	0.03460062	0.309189603
CbMPDiCBraya	A_4_8	A_1_2	0.007803852	0.297862096	0.354522779	0.027601403	0.31220987
CbMPDiCBraya	A_4_9	A_1_2	0.044128912	0.264021247	0.463749938	0.041784913	0.18631499
CbMPDiCBraya	A_4_10	A_1_2	0.057045048	0.260374076	0.512279371	0.050853354	0.119448151
CbMPDiCBraya	A_4_11	A_1_2	0.042832119	0.235688966	0.46818742	0.057849155	0.19544234
CbMPDiCBraya	A_4_12	A_1_2	0.036986932	0.373982582	0.102998976	0.032135466	0.453896045
CbMPDiCBraya	A_5_1	A_1_2	0.001966625	0.197448522	0.161186287	0.007805346	0.63159322
CbMPDiCBraya	A_5_2	A_1_2	0.001635573	0.154842785	0.144442555	0.009710476	0.689368611
CbMPDiCBraya	A_5_3	A_1_2	0.000476252	0.162422163	0.251797575	0.022195646	0.563108365
CbMPDiCBraya	A_5_4	A_1_2	0.00024842	0.158527139	0.296896265	0.081283022	0.463045155
CbMPDiCBraya	A_5_5	A_1_2	0.00151123	0.152005927	0.255151604	0.016293511	0.575037729
CbMPDiCBraya	A_5_6	A_1_2	0.00302248	0.198300334	0.188610539	0.019379002	0.590687646
CbMPDiCBraya	A_5_7	A_1_2	0.002008407	0.16756464	0.426720383	0.018158171	0.385548399
CbMPDiCBraya	A_5_9	A_1_2	0.001180117	0.155577436	0.408408408	0.022195272	0.412638767
CbMPDiCBraya	A_5_10	A_1_2	0.000828483	0.157429096	0.252047341	0.026883883	0.562811197
CbMPDiCBraya	A_5_11	A_1_2	0.001179962	0.132217795	0.255337146	0.017578591	0.593686506
CbMPDiCBraya	A_5_12	A_1_2	0.00031062	0.187997067	0.250488479	0.020915273	0.540288561
CbMPDiCBraya	A_1_4	A_1_3	0.001221618	0.264391024	0.142469167	0.042411121	0.54950707
CbMPDiCBraya	A_1_5	A_1_3	0.000827904	0.233213417	0.006499657	0.123820194	0.635638828
CbMPDiCBraya	A_1_6	A_1_3	0.000849289	0.299421267	0.06281745	0.022377969	0.614534025
CbMPDiCBraya	A_1_7	A_1_3	0.0016578	0.292801727	0.079284713	0.020103159	0.606152602
CbMPDiCBraya	A_1_8	A_1_3	0.004347327	0.392927909	0.160035802	0.025543356	0.417145605
CbMPDiCBraya	A_1_9	A_1_3	0.003188656	0.241836602	0.468443747	0.0346549	0.251876095
CbMPDiCBraya	A_1_10	A_1_3	0.008799954	0.357909962	0.196541357	0.06543785	0.371310876
CbMPDiCBraya	A_1_11	A_1_3	0.001262603	0.410618614	0.160441493	0.016849109	0.41082818
CbMPDiCBraya	A_1_12	A_1_3	0.000786566	0.373002311	0.066049023	0.036554899	0.5236072
CbMPDiCBraya	A_2_1	A_1_3	0.000517444	0.242221941	0.11727941	0.03585077	0.604130434
CbMPDiCBraya	A_2_2	A_1_3	0.000993753	0.272972293	0.107237563	0.070314563	0.548481829
CbMPDiCBraya	A_2_3	A_1_3	0.001076248	0.208626542	0.035329911	0.065113006	0.689854293
CbMPDiCBraya	A_2_4	A_1_3	0.001428923	0.269680599	0.103950513	0.025722152	0.599217814
CbMPDiCBraya	A_2_5	A_1_3	0.001014337	0.224773542	0.108021113	0.069808175	0.596382832
CbMPDiCBraya	A_2_6	A_1_3	0.000434677	0.230408308	0.138127486	0.024097828	0.606931701
CbMPDiCBraya	A_2_7	A_1_3	0.000269097	0.259685627	0.179598332	0.030322794	0.530124149
CbMPDiCBraya	A_2_8	A_1_3	0.001160607	0.389683241	0.194358763	0.043651762	0.371145626
CbMPDiCBraya	A_2_9	A_1_3	0.000641609	0.291501776	0.138084008	0.028077257	0.541695349
CbMPDiCBraya	A_2_10	A_1_3	0.000931458	0.204677958	0.170011349	0.063032097	0.561347136
CbMPDiCBraya	A_2_11	A_1_3	0.001159229	0.203505706	0.236577027	0.060446227	0.498311811
CbMPDiCBraya	A_2_12	A_1_3	0.000517751	0.225683425	0.117725267	0.02255028	0.633523278
CbMPDiCBraya	A_3_1	A_1_3	0.042595208	0.236950852	0.24079878	0.023658053	0.455997107
CbMPDiCBraya	A_3_2	A_1_3	0.011528743	0.23844035	0.232021968	0.024982521	0.493026418
CbMPDiCBraya	A_3_3	A_1_3	0.00939769	0.192126501	0.324955308	0.022626628	0.450893873
CbMPDiCBraya	A_3_4	A_1_3	0.041146904	0.221958191	0.192044624	0.013889371	0.530960909
CbMPDiCBraya	A_3_5	A_1_3	0	0.226142949	0.278624802	0.017971827	0.477260422
CbMPDiCBraya	A_3_6	A_1_3	0.008920813	0.224556964	0.130829821	0.021298617	0.614393785
CbMPDiCBraya	A_3_7	A_1_3	0.000828039	0.179654388	0.370890224	0.023556892	0.425070458
CbMPDiCBraya	A_3_9	A_1_3	0.001759462	0.146678331	0.395707447	0.015959252	0.439895508
CbMPDiCBraya	A_3_10	A_1_3	0.00012429	0.157149431	0.430836596	0.024247706	0.387641978
CbMPDiCBraya	A_3_11	A_1_3	0.000372547	0.142775266	0.275354358	0.032170349	0.54932748
CbMPDiCBraya	A_3_12	A_1_3	0.033198871	0.231437911	0.240895944	0.01920903	0.475258244
CbMPDiCBraya	A_4_1	A_1_3	0.049987462	0.170716604	0.52529002	0.073320495	0.18068542
CbMPDiCBraya	A_4_2	A_1_3	0.048494266	0.272655894	0.460693148	0.009603749	0.208552944
CbMPDiCBraya	A_4_3	A_1_3	0.052722013	0.233197964	0.448672189	0.014987873	0.250419962
CbMPDiCBraya	A_4_4	A_1_3	0.051732614	0.220401622	0.47065659	0.063066343	0.194142831
CbMPDiCBraya	A_4_5	A_1_3	0.047383641	0.228145442	0.499390945	0.033709577	0.191370394
CbMPDiCBraya	A_4_6	A_1_3	0.0441924	0.187312342	0.513574874	0.067544162	0.187376221
CbMPDiCBraya	A_4_7	A_1_3	0.002318391	0.259313995	0.476742106	0.022998042	0.238627465
CbMPDiCBraya	A_4_8	A_1_3	0.001448874	0.28836684	0.414947786	0.026928019	0.268308481
CbMPDiCBraya	A_4_9	A_1_3	0.00093148	0.247090313	0.514081836	0.03324359	0.204652782
CbMPDiCBraya	A_4_10	A_1_3	0.036717719	0.222532779	0.527780945	0.036368416	0.176600141
CbMPDiCBraya	A_4_11	A_1_3	0.001718972	0.224294444	0.521211452	0.032322132	0.220453
CbMPDiCBraya	A_4_12	A_1_3	0.034854556	0.355174421	0.273604879	0.013371799	0.322994346
CbMPDiCBraya	A_5_1	A_1_3	0.001241836	0.190768344	0.190043999	0.010141802	0.607804019
CbMPDiCBraya	A_5_2	A_1_3	0.000745128	0.187069742	0.175333661	0.021360908	0.615490561
CbMPDiCBraya	A_5_3	A_1_3	0.000413945	0.145049728	0.271558179	0.030405112	0.552573036
CbMPDiCBraya	A_5_4	A_1_3	0	0.139808759	0.304350526	0.019807103	0.536033612
CbMPDiCBraya	A_5_5	A_1_3	0.000724398	0.139187847	0.27938985	0.024691614	0.556006292
CbMPDiCBraya	A_5_6	A_1_3	0.000724411	0.185411082	0.207287802	0.021981297	0.584595408
CbMPDiCBraya	A_5_7	A_1_3	0.009355082	0.133311366	0.501025774	0.029328256	0.326979522
CbMPDiCBraya	A_5_9	A_1_3	0.009417175	0.109199161	0.467888469	0.026368498	0.387126698
CbMPDiCBraya	A_5_10	A_1_3	0	0.132874033	0.275155594	0.02391182	0.568058553
CbMPDiCBraya	A_5_11	A_1_3	0	0.115346221	0.353163131	0.018586273	0.512904375
CbMPDiCBraya	A_5_12	A_1_3	0.000558852	0.174124396	0.265296423	0.023598016	0.536422312
CbMPDiCBraya	A_1_5	A_1_4	0.000600639	0.271100508	0.092836134	0.02472687	0.610735849
CbMPDiCBraya	A_1_6	A_1_4	0.00043529	0.326929586	0.061445943	0.041521007	0.569668174
CbMPDiCBraya	A_1_7	A_1_4	0.000850076	0.328420292	0.085888227	0.052370686	0.532470718
CbMPDiCBraya	A_1_8	A_1_4	0.004057868	0.411396718	0.174103324	0.069437364	0.341004726
CbMPDiCBraya	A_1_9	A_1_4	0.002940703	0.456723825	0.148431341	0.038544262	0.353359868
CbMPDiCBraya	A_1_10	A_1_4	0.008572663	0.406769734	0.231233682	0.050517031	0.302906889
CbMPDiCBraya	A_1_11	A_1_4	0.00066275	0.429767411	0.136877738	0.08097226	0.351719841
CbMPDiCBraya	A_1_12	A_1_4	0.000559097	0.362577919	0.130706865	0.103066432	0.403089687
CbMPDiCBraya	A_2_1	A_1_4	0.001490979	0.278583322	0.158494276	0.042808102	0.518623321
CbMPDiCBraya	A_2_2	A_1_4	0.001118599	0.295576059	0.145938515	0.04348027	0.513886558
CbMPDiCBraya	A_2_3	A_1_4	0.001925451	0.219552419	0.185660269	0.059178037	0.533683825
CbMPDiCBraya	A_2_4	A_1_4	0.001678285	0.321567329	0.09269751	0.095103604	0.488953272
CbMPDiCBraya	A_2_5	A_1_4	0.001139219	0.263840275	0.128112162	0.06872431	0.538184034
CbMPDiCBraya	A_2_6	A_1_4	0.001242746	0.27316631	0.092942117	0.028501618	0.604147208
CbMPDiCBraya	A_2_7	A_1_4	0.000808232	0.30452698	0.175864838	0.042606063	0.476193886
CbMPDiCBraya	A_2_8	A_1_4	0.000580587	0.450513891	0.195064968	0.109025422	0.244815132
CbMPDiCBraya	A_2_9	A_1_4	0.000248602	0.299937975	0.192460003	0.047813969	0.459539451
CbMPDiCBraya	A_2_10	A_1_4	0.001283925	0.229664126	0.196657427	0.053101833	0.519292688
CbMPDiCBraya	A_2_11	A_1_4	0.001698172	0.229442427	0.226276887	0.037963536	0.504618978
CbMPDiCBraya	A_2_12	A_1_4	0.000538666	0.254601686	0.123226769	0.04170479	0.579928089
CbMPDiCBraya	A_3_1	A_1_4	0.037156152	0.266151112	0.239576488	0.006356124	0.450760125
CbMPDiCBraya	A_3_2	A_1_4	0.01288024	0.269179258	0.139813868	0.026298133	0.5518285
CbMPDiCBraya	A_3_3	A_1_4	0.011495331	0.220351498	0.263052382	0.029989397	0.475111392
CbMPDiCBraya	A_3_4	A_1_4	0.034405142	0.240805038	0.327756551	0.01300483	0.384028438
CbMPDiCBraya	A_3_5	A_1_4	0.002630426	0.252950031	0.280475501	0.019925626	0.444018417
CbMPDiCBraya	A_3_6	A_1_4	0.011390836	0.250922314	0.238906655	0.017685354	0.481094841
CbMPDiCBraya	A_3_7	A_1_4	0.000642053	0.20895037	0.360969805	0.037193057	0.392244715
CbMPDiCBraya	A_3_9	A_1_4	0.001470242	0.19396415	0.290425615	0.175909975	0.338230018
CbMPDiCBraya	A_3_10	A_1_4	0.001864435	0.217735833	0.428627585	0.084815631	0.266956517
CbMPDiCBraya	A_3_11	A_1_4	0.001698434	0.185917635	0.348162914	0.039559477	0.424661541
CbMPDiCBraya	A_3_12	A_1_4	0.004430456	0.249900008	0.161332597	0.012942084	0.571394855
CbMPDiCBraya	A_4_1	A_1_4	0.04527472	0.18215435	0.494109422	0.013233769	0.265227739
CbMPDiCBraya	A_4_2	A_1_4	0.041606924	0.292069343	0.365712712	0.001718703	0.298892318
CbMPDiCBraya	A_4_3	A_1_4	0.046767818	0.232040949	0.426024548	0.002443647	0.292723038
CbMPDiCBraya	A_4_4	A_1_4	0.047331188	0.248517695	0.379069958	0.010646847	0.314434312
CbMPDiCBraya	A_4_5	A_1_4	0.019222095	0.270769841	0.456525918	0.009569989	0.243912157
CbMPDiCBraya	A_4_6	A_1_4	0.039928385	0.217377204	0.409189341	0.000393461	0.333111608
CbMPDiCBraya	A_4_7	A_1_4	0.004948407	0.309938922	0.355909137	0.03580609	0.293397444
CbMPDiCBraya	A_4_8	A_1_4	0.004119814	0.306913803	0.298901783	0.017623968	0.372440633
CbMPDiCBraya	A_4_9	A_1_4	0.005796921	0.277096582	0.415198744	0.021040326	0.280867427
CbMPDiCBraya	A_4_10	A_1_4	0.007184634	0.258794867	0.474932364	0.052744117	0.206344017
CbMPDiCBraya	A_4_11	A_1_4	0.006877228	0.255312174	0.458506881	0.023718975	0.255584741
CbMPDiCBraya	A_4_12	A_1_4	0.00544545	0.385587405	0.176411645	0.041188759	0.391366741
CbMPDiCBraya	A_5_1	A_1_4	0.001118535	0.209638248	0.252100462	0.022737533	0.514405222
CbMPDiCBraya	A_5_2	A_1_4	0.001407935	0.208281903	0.209947087	0.02081043	0.559552646
CbMPDiCBraya	A_5_3	A_1_4	0.00155349	0.175789945	0.24950657	0.104900949	0.468249046
CbMPDiCBraya	A_5_4	A_1_4	0.001325009	0.171004755	0.360791916	0.029982008	0.436896312
CbMPDiCBraya	A_5_5	A_1_4	0.001491284	0.1746308	0.277719527	0.032427999	0.513730391
CbMPDiCBraya	A_5_6	A_1_4	0.003168544	0.212849666	0.304714541	0.027292481	0.451974767
CbMPDiCBraya	A_5_7	A_1_4	0.001822481	0.168097746	0.472532334	0.089995651	0.267551788
CbMPDiCBraya	A_5_9	A_1_4	0.001532548	0.156084894	0.399025511	0.085770589	0.357586458
CbMPDiCBraya	A_5_10	A_1_4	0.001056462	0.167876034	0.261250635	0.029995388	0.539821482
CbMPDiCBraya	A_5_11	A_1_4	0.001284136	0.147575792	0.315917902	0.063577973	0.471644196
CbMPDiCBraya	A_5_12	A_1_4	6.21E-05	0.206506782	0.316494955	0.032455682	0.444480444
CbMPDiCBraya	A_1_6	A_1_5	0.000372872	0.288402191	0.071237918	0.032535841	0.607451178
CbMPDiCBraya	A_1_7	A_1_5	0	0.303704523	0.084102243	0.022945048	0.589248185
CbMPDiCBraya	A_1_8	A_1_5	0.00070385	0.307829796	0.245646572	0.027532786	0.418286997
CbMPDiCBraya	A_1_9	A_1_5	0.001656445	0.411230122	0.297346614	0.041531873	0.248234946
CbMPDiCBraya	A_1_10	A_1_5	0.000455441	0.335095788	0.235061478	0.027722615	0.401664679
CbMPDiCBraya	A_1_11	A_1_5	0.004554149	0.447183735	0.123812123	0.020990712	0.403459281
CbMPDiCBraya	A_1_12	A_1_5	0.001014352	0.365454833	0.081913267	0.033432044	0.518185504
CbMPDiCBraya	A_2_1	A_1_5	0.001117848	0.244891908	0.158237367	0.024965302	0.570787575
CbMPDiCBraya	A_2_2	A_1_5	0.00053847	0.257587408	0.119817234	0.045242579	0.576814308
CbMPDiCBraya	A_2_3	A_1_5	0.000372561	0.197282115	0.068658438	0.075819486	0.6578674
CbMPDiCBraya	A_2_4	A_1_5	0.00126375	0.280079823	0.100951226	0.024460223	0.593244979
CbMPDiCBraya	A_2_5	A_1_5	0.000207048	0.210009215	0.126975995	0.037847091	0.624960652
CbMPDiCBraya	A_2_6	A_1_5	0.000144932	0.258187992	0.102553445	0.031429441	0.60768419
CbMPDiCBraya	A_2_7	A_1_5	0.000725439	0.269709031	0.191256524	0.028006487	0.510302519
CbMPDiCBraya	A_2_8	A_1_5	0.000725982	0.424907516	0.163757878	0.033731603	0.37687702
CbMPDiCBraya	A_2_9	A_1_5	0.000579734	0.286681635	0.180286569	0.028535383	0.503916679
CbMPDiCBraya	A_2_10	A_1_5	0.000227718	0.216187339	0.197391607	0.060594233	0.525599102
CbMPDiCBraya	A_2_11	A_1_5	0.001884003	0.184499415	0.285657178	0.057615017	0.470344386
CbMPDiCBraya	A_2_12	A_1_5	0.000517749	0.216050247	0.14869401	0.030069662	0.604668332
CbMPDiCBraya	A_3_1	A_1_5	0.04454681	0.240301354	0.230470784	0.0720341	0.412646952
CbMPDiCBraya	A_3_2	A_1_5	0.001221268	0.247671029	0.141713721	0.022955647	0.586438335
CbMPDiCBraya	A_3_3	A_1_5	0.010371678	0.205827516	0.257480491	0.024947292	0.501373023
CbMPDiCBraya	A_3_4	A_1_5	0.04218786	0.208562189	0.190157793	0.016001892	0.543090265
CbMPDiCBraya	A_3_5	A_1_5	0.001097504	0.216225268	0.273141057	0.021555385	0.487980787
CbMPDiCBraya	A_3_6	A_1_5	0.012213108	0.223022498	0.127617473	0.026102777	0.611044143
CbMPDiCBraya	A_3_7	A_1_5	0.000890209	0.168843567	0.350340182	0.053265856	0.426660187
CbMPDiCBraya	A_3_9	A_1_5	0.001242095	0.140396786	0.391777578	0.045149615	0.421433926
CbMPDiCBraya	A_3_10	A_1_5	0.000372645	0.179510101	0.428996668	0.026031433	0.365089153
CbMPDiCBraya	A_3_11	A_1_5	0.001117977	0.166926265	0.233912694	0.029088338	0.568954725
CbMPDiCBraya	A_3_12	A_1_5	0.037157717	0.227793177	0.235969493	0.022564074	0.476515539
CbMPDiCBraya	A_4_1	A_1_5	0.061483516	0.164496787	0.548227506	0.078377139	0.147415052
CbMPDiCBraya	A_4_2	A_1_5	0.05191561	0.25630167	0.488471428	0.011177891	0.1921334
CbMPDiCBraya	A_4_3	A_1_5	0.05459147	0.136019101	0.566359798	0.017266423	0.225763208
CbMPDiCBraya	A_4_4	A_1_5	0.059421686	0.206085179	0.48244059	0.024722957	0.227329587
CbMPDiCBraya	A_4_5	A_1_5	0.056088024	0.213767573	0.489228425	0.028183052	0.212732926
CbMPDiCBraya	A_4_6	A_1_5	0.044694286	0.208776872	0.501606646	0.041610977	0.203311219
CbMPDiCBraya	A_4_7	A_1_5	0.003498569	0.275330349	0.469110146	0.032211572	0.219849365
CbMPDiCBraya	A_4_8	A_1_5	0.001966394	0.296353487	0.396547815	0.017863691	0.287268613
CbMPDiCBraya	A_4_9	A_1_5	0.002256443	0.233941734	0.532510187	0.045500782	0.185790853
CbMPDiCBraya	A_4_10	A_1_5	0.039082554	0.231804256	0.506706964	0.03649499	0.185911236
CbMPDiCBraya	A_4_11	A_1_5	0.00443257	0.230955432	0.503507903	0.061873787	0.199230307
CbMPDiCBraya	A_4_12	A_1_5	0.035729235	0.361524278	0.274159663	0.024158015	0.304428808
CbMPDiCBraya	A_5_1	A_1_5	0.000165586	0.181843716	0.240403144	0.011529284	0.56605827
CbMPDiCBraya	A_5_2	A_1_5	0.000869394	0.154071084	0.171480149	0.020927686	0.652651686
CbMPDiCBraya	A_5_3	A_1_5	0.000724489	0.139081992	0.276401393	0.02719937	0.556592756
CbMPDiCBraya	A_5_4	A_1_5	0.000993491	0.126058186	0.370340862	0.020201736	0.482405726
CbMPDiCBraya	A_5_5	A_1_5	0.001034864	0.155535071	0.265876566	0.015503379	0.56205012
CbMPDiCBraya	A_5_6	A_1_5	0.000703774	0.18151576	0.217638488	0.013599493	0.586542484
CbMPDiCBraya	A_5_7	A_1_5	0.000269076	0.139640605	0.511578219	0.066465342	0.282046758
CbMPDiCBraya	A_5_9	A_1_5	0.000351878	0.150259154	0.444285977	0.02161007	0.383492921
CbMPDiCBraya	A_5_10	A_1_5	0.000289897	0.142888634	0.322262964	0.023148349	0.511410157
CbMPDiCBraya	A_5_11	A_1_5	0.00093142	0.107845572	0.408867411	0.013827063	0.468528534
CbMPDiCBraya	A_5_12	A_1_5	0.000538286	0.170956845	0.320483764	0.025670658	0.482350447
CbMPDiCBraya	A_1_7	A_1_6	0.00311239	0.346785066	0.026372312	0.334022181	0.289708051
CbMPDiCBraya	A_1_8	A_1_6	0.003459964	0.318611634	0.179512033	0.046191584	0.452224785
CbMPDiCBraya	A_1_9	A_1_6	0.00136761	0.437263396	0.070516234	0.036145745	0.454707015
CbMPDiCBraya	A_1_10	A_1_6	0.003709564	0.422676428	0.130625047	0.035262553	0.407726408
CbMPDiCBraya	A_1_11	A_1_6	0.000932549	0.435401915	0.097511307	0.037514341	0.428639887
CbMPDiCBraya	A_1_12	A_1_6	0.000269118	0.381410098	0.016020103	0.029797374	0.572503307
CbMPDiCBraya	A_2_1	A_1_6	0.001015483	0.263827141	0.053157185	0.314878842	0.367121348
CbMPDiCBraya	A_2_2	A_1_6	0.0003316	0.314198864	0.071247225	0.03942764	0.574794671
CbMPDiCBraya	A_2_3	A_1_6	0.001076815	0.213969443	0.17965555	0.036196852	0.56910134
CbMPDiCBraya	A_2_4	A_1_6	0.000497657	0.303988336	0.033647022	0.040701469	0.621165516
CbMPDiCBraya	A_2_5	A_1_6	0.000932824	0.279541167	0.026651321	0.046264936	0.646609752
CbMPDiCBraya	A_2_6	A_1_6	0.001741078	0.273317354	0.054929709	0.046202523	0.623809335
CbMPDiCBraya	A_2_7	A_1_6	0.001016278	0.291794697	0.118363712	0.09757508	0.491250232
CbMPDiCBraya	A_2_8	A_1_6	0.018858082	0.428870239	0.120745525	0.037840117	0.393686037
CbMPDiCBraya	A_2_9	A_1_6	0.000456188	0.329001735	0.155926768	0.05668229	0.457933018
CbMPDiCBraya	A_2_10	A_1_6	0.000683779	0.238780253	0.197692151	0.028684062	0.534159755
CbMPDiCBraya	A_2_11	A_1_6	0.000352298	0.274448933	0.202701649	0.026759008	0.495738113
CbMPDiCBraya	A_2_12	A_1_6	0.000393829	0.247555634	0.075927544	0.045115178	0.631007815
CbMPDiCBraya	A_3_1	A_1_6	0.035180466	0.26188389	0.190380666	0.005137442	0.507417535
CbMPDiCBraya	A_3_2	A_1_6	0.016726409	0.243782087	0.057334919	0.01427544	0.667881145
CbMPDiCBraya	A_3_3	A_1_6	0.016381275	0.219987794	0.18606164	0.021884803	0.555684488
CbMPDiCBraya	A_3_4	A_1_6	0.034734215	0.23986622	0.178483986	0.00723083	0.539684747
CbMPDiCBraya	A_3_5	A_1_6	0.003525157	0.243606059	0.095890811	0.023148431	0.633829542
CbMPDiCBraya	A_3_6	A_1_6	0.014739913	0.241726013	0.075113682	0.019001539	0.649418853
CbMPDiCBraya	A_3_7	A_1_6	0.000891345	0.220032054	0.162274971	0.054436828	0.562364802
CbMPDiCBraya	A_3_9	A_1_6	0.000767161	0.18630819	0.229009322	0.060466987	0.52344834
CbMPDiCBraya	A_3_10	A_1_6	0.000228187	0.219382291	0.377822186	0.053532193	0.349035142
CbMPDiCBraya	A_3_11	A_1_6	0.000849987	0.180593877	0.198806764	0.041970327	0.577779046
CbMPDiCBraya	A_3_12	A_1_6	0.020939166	0.246913873	0.10870653	0.012825824	0.610614606
CbMPDiCBraya	A_4_1	A_1_6	0.054707982	0.147791317	0.533729461	0.009965395	0.253805845
CbMPDiCBraya	A_4_2	A_1_6	0.043466218	0.246410889	0.43458444	0.004413121	0.271125332
CbMPDiCBraya	A_4_3	A_1_6	0.04595518	0.20540348	0.471275933	0.0069002	0.270465209
CbMPDiCBraya	A_4_4	A_1_6	0.046704515	0.240751818	0.416131191	0.015316872	0.281095604
CbMPDiCBraya	A_4_5	A_1_6	0.034399358	0.250239134	0.437322933	0.017472201	0.260566374
CbMPDiCBraya	A_4_6	A_1_6	0.032409255	0.211772928	0.406321517	0.017427325	0.332068975
CbMPDiCBraya	A_4_7	A_1_6	0.005326068	0.29177591	0.319361034	0.011874661	0.371662328
CbMPDiCBraya	A_4_8	A_1_6	0.005465255	0.290449385	0.349131136	0.017887179	0.337067045
CbMPDiCBraya	A_4_9	A_1_6	0.013269485	0.266606798	0.362302536	0.01413323	0.343687951
CbMPDiCBraya	A_4_10	A_1_6	0.035747459	0.242064545	0.506923133	0.026234215	0.189030649
CbMPDiCBraya	A_4_11	A_1_6	0.011438554	0.236966743	0.433747916	0.034178725	0.283668061
CbMPDiCBraya	A_4_12	A_1_6	0.020837163	0.364656184	0.203041849	0.039080216	0.372384589
CbMPDiCBraya	A_5_1	A_1_6	0.001781367	0.205973217	0.118502194	0.031662706	0.642080516
CbMPDiCBraya	A_5_2	A_1_6	0.020742051	0.166288705	0.182722082	0.018624837	0.611622325
CbMPDiCBraya	A_5_3	A_1_6	0.000683652	0.180079799	0.194854886	0.04399319	0.580388472
CbMPDiCBraya	A_5_4	A_1_6	0.000932171	0.194865143	0.259264339	0.03350217	0.511436176
CbMPDiCBraya	A_5_5	A_1_6	0.001222261	0.167526818	0.172681555	0.031208998	0.627360368
CbMPDiCBraya	A_5_6	A_1_6	0.001180559	0.213737592	0.167173088	0.079422031	0.538486729
CbMPDiCBraya	A_5_7	A_1_6	0.002923046	0.165501289	0.383198764	0.043518896	0.404858005
CbMPDiCBraya	A_5_9	A_1_6	0.000662983	0.17033309	0.341074542	0.040493845	0.44743554
CbMPDiCBraya	A_5_10	A_1_6	0.000787634	0.176387443	0.074301588	0.030479094	0.718044242
CbMPDiCBraya	A_5_11	A_1_6	0.000621541	0.153768869	0.177204967	0.023235911	0.645168712
CbMPDiCBraya	A_5_12	A_1_6	0	0.208504252	0.258427567	0.031550073	0.501518109
CbMPDiCBraya	A_1_8	A_1_7	0.000539105	0.41697439	0.184259662	0.049165865	0.349060978
CbMPDiCBraya	A_1_9	A_1_7	0.00026933	0.434387265	0.098544179	0.078315366	0.38848386
CbMPDiCBraya	A_1_10	A_1_7	0.001036965	0.423193153	0.206937157	0.043172254	0.325660471
CbMPDiCBraya	A_1_11	A_1_7	0.001368166	0.437599329	0.134410631	0.03635931	0.390262564
CbMPDiCBraya	A_1_12	A_1_7	0.001015533	0.373512221	0.094636794	0.031936385	0.498899067
CbMPDiCBraya	A_2_1	A_1_7	0.001409112	0.260481522	0.117640367	0.24021082	0.380258178
CbMPDiCBraya	A_2_2	A_1_7	0.001223597	0.287563033	0.112135021	0.040738289	0.558340059
CbMPDiCBraya	A_2_3	A_1_7	0.000850284	0.195481917	0.236041841	0.040512376	0.527113582
CbMPDiCBraya	A_2_4	A_1_7	0.001576163	0.293790385	0.079568922	0.043424573	0.581639957
CbMPDiCBraya	A_2_5	A_1_7	0.000705312	0.289638935	0.096652482	0.078097782	0.534905488
CbMPDiCBraya	A_2_6	A_1_7	0.000559505	0.277208579	0.078788595	0.045942329	0.597500992
CbMPDiCBraya	A_2_7	A_1_7	0.000829825	0.264459904	0.133156527	0.212129852	0.389423892
CbMPDiCBraya	A_2_8	A_1_7	0.000809184	0.411791556	0.19606525	0.077854509	0.3134795
CbMPDiCBraya	A_2_9	A_1_7	0.000871139	0.32582837	0.18712981	0.055821812	0.430348869
CbMPDiCBraya	A_2_10	A_1_7	0.000849365	0.231093934	0.254677648	0.028127625	0.485251429
CbMPDiCBraya	A_2_11	A_1_7	0.002238575	0.263782765	0.232891612	0.026534508	0.474552541
CbMPDiCBraya	A_2_12	A_1_7	6.22E-05	0.238332462	0.115738044	0.119962305	0.525904965
CbMPDiCBraya	A_3_1	A_1_7	0.035484341	0.222818855	0.262551787	0.011935979	0.467209038
CbMPDiCBraya	A_3_2	A_1_7	0.01687353	0.209464992	0.143032922	0.018131789	0.612496767
CbMPDiCBraya	A_3_3	A_1_7	0.034016385	0.212287849	0.218632185	0.025929032	0.509134549
CbMPDiCBraya	A_3_4	A_1_7	0.035804562	0.236251233	0.227923539	0.010879874	0.489140792
CbMPDiCBraya	A_3_5	A_1_7	0.001782613	0.242047156	0.177360168	0.020354847	0.558455216
CbMPDiCBraya	A_3_6	A_1_7	0.014037559	0.234501872	0.155464536	0.018486254	0.577509779
CbMPDiCBraya	A_3_7	A_1_7	0.000787354	0.204704501	0.330832051	0.023256622	0.440419473
CbMPDiCBraya	A_3_9	A_1_7	0.00068422	0.193235065	0.262467314	0.060767081	0.48284632
CbMPDiCBraya	A_3_10	A_1_7	0.001120041	0.20570991	0.406426555	0.054248338	0.332495156
CbMPDiCBraya	A_3_11	A_1_7	0.000788305	0.172544616	0.341536733	0.04579328	0.439337066
CbMPDiCBraya	A_3_12	A_1_7	0.02353807	0.211933976	0.190703389	0.015582683	0.558241882
CbMPDiCBraya	A_4_1	A_1_7	0.06456425	0.191544897	0.505820687	0.012017384	0.226052781
CbMPDiCBraya	A_4_2	A_1_7	0.042584613	0.225023153	0.47337093	0.002962537	0.256058767
CbMPDiCBraya	A_4_3	A_1_7	0.051068224	0.192487448	0.505129939	0.006320467	0.244993922
CbMPDiCBraya	A_4_4	A_1_7	0.048267625	0.226496896	0.381368638	0.021086066	0.322780775
CbMPDiCBraya	A_4_5	A_1_7	0.044231002	0.234683545	0.473413557	0.012666859	0.235005036
CbMPDiCBraya	A_4_6	A_1_7	0.039294615	0.191519614	0.453239962	0.008977264	0.306968544
CbMPDiCBraya	A_4_7	A_1_7	0.002588874	0.285495844	0.363756439	0.020850802	0.327308041
CbMPDiCBraya	A_4_8	A_1_7	0.007411073	0.276969674	0.388625925	0.009268339	0.317724989
CbMPDiCBraya	A_4_9	A_1_7	0.010683576	0.258962706	0.401267305	0.039538531	0.289547883
CbMPDiCBraya	A_4_10	A_1_7	0.046321943	0.267504914	0.509410334	0.055061216	0.121701593
CbMPDiCBraya	A_4_11	A_1_7	0.009469957	0.231857276	0.476931114	0.01596588	0.265775772
CbMPDiCBraya	A_4_12	A_1_7	0.024637473	0.369344637	0.208747114	0.02901506	0.368255717
CbMPDiCBraya	A_5_1	A_1_7	0.000435035	0.211325958	0.203804622	0.018572517	0.565861867
CbMPDiCBraya	A_5_2	A_1_7	0.001718595	0.164927052	0.223365252	0.016659392	0.593329709
CbMPDiCBraya	A_5_3	A_1_7	0.000892019	0.149092137	0.223152755	0.039317326	0.587545763
CbMPDiCBraya	A_5_4	A_1_7	0.000124402	0.142808595	0.342117969	0.039432939	0.475516094
CbMPDiCBraya	A_5_5	A_1_7	0.000808615	0.174862159	0.250277967	0.031298823	0.542752436
CbMPDiCBraya	A_5_6	A_1_7	0.000414136	0.203346459	0.200073387	0.028184924	0.567981095
CbMPDiCBraya	A_5_7	A_1_7	0.003900196	0.161994013	0.40465722	0.041600286	0.387848285
CbMPDiCBraya	A_5_9	A_1_7	0.000373104	0.148493139	0.357940762	0.03513398	0.458059016
CbMPDiCBraya	A_5_10	A_1_7	0.000912549	0.205849933	0.101942497	0.030858747	0.660436274
CbMPDiCBraya	A_5_11	A_1_7	0.000289879	0.129794353	0.210359331	0.023778956	0.635777481
CbMPDiCBraya	A_5_12	A_1_7	0.000663546	0.201914914	0.226789049	0.032614435	0.538018056
CbMPDiCBraya	A_1_9	A_1_8	0.000662558	0.396589796	0.276669421	0.090418104	0.23566012
CbMPDiCBraya	A_1_10	A_1_8	0.003747449	0.352307732	0.326488623	0.112133975	0.205322221
CbMPDiCBraya	A_1_11	A_1_8	0.000890183	0.347707195	0.027160957	0.123134369	0.501107296
CbMPDiCBraya	A_1_12	A_1_8	0.000434737	0.317772971	0.224823103	0.065500385	0.391468804
CbMPDiCBraya	A_2_1	A_1_8	0.000662456	0.283408326	0.243827594	0.031549602	0.440552022
CbMPDiCBraya	A_2_2	A_1_8	0.003995718	0.361834042	0.151664661	0.033731653	0.448773927
CbMPDiCBraya	A_2_3	A_1_8	0.004202427	0.185638751	0.437824035	0.055082081	0.317252706
CbMPDiCBraya	A_2_4	A_1_8	0.001014838	0.281591941	0.244136417	0.040057656	0.433199148
CbMPDiCBraya	A_2_5	A_1_8	0.00414054	0.225523117	0.390872792	0.067624369	0.311839182
CbMPDiCBraya	A_2_6	A_1_8	0.001884481	0.27225514	0.305503567	0.016357153	0.403999659
CbMPDiCBraya	A_2_7	A_1_8	0.001844751	0.27426455	0.337673401	0.030967604	0.355249695
CbMPDiCBraya	A_2_8	A_1_8	0.00120255	0.303469577	0.333090014	0.162985054	0.199252806
CbMPDiCBraya	A_2_9	A_1_8	0.003726508	0.287134827	0.326725715	0.032369149	0.350043801
CbMPDiCBraya	A_2_10	A_1_8	0.004368193	0.208599199	0.379684724	0.028445319	0.378902564
CbMPDiCBraya	A_2_11	A_1_8	0.004720204	0.234010082	0.364521131	0.027970018	0.368778565
CbMPDiCBraya	A_2_12	A_1_8	0.000600689	0.235799135	0.221037538	0.037817188	0.50474545
CbMPDiCBraya	A_3_1	A_1_8	0.033577059	0.244430435	0.393524013	0.006872527	0.321595967
CbMPDiCBraya	A_3_2	A_1_8	0.015567013	0.327322611	0.161906113	0.02196284	0.473241423
CbMPDiCBraya	A_3_3	A_1_8	0.031593215	0.192234618	0.350797185	0.02064181	0.404733171
CbMPDiCBraya	A_3_4	A_1_8	0.031239367	0.324129577	0.290156314	0.009895423	0.344579318
CbMPDiCBraya	A_3_5	A_1_8	0.001884465	0.239485896	0.266727126	0.0194644	0.472438112
CbMPDiCBraya	A_3_6	A_1_8	0.027181322	0.326582674	0.220404624	0.022149919	0.403681461
CbMPDiCBraya	A_3_7	A_1_8	0.00167693	0.176965259	0.460758228	0.020868254	0.339731329
CbMPDiCBraya	A_3_9	A_1_8	0.000269129	0.217745942	0.378105333	0.031488076	0.37239152
CbMPDiCBraya	A_3_10	A_1_8	0.000600625	0.214185479	0.519018284	0.071409237	0.194786375
CbMPDiCBraya	A_3_11	A_1_8	0.008343582	0.25850254	0.337427016	0.036605017	0.359121844
CbMPDiCBraya	A_3_12	A_1_8	0.019791038	0.205589606	0.375512192	0.022896127	0.376211037
CbMPDiCBraya	A_4_1	A_1_8	0.03767863	0.149598464	0.608615205	0.081982553	0.122125148
CbMPDiCBraya	A_4_2	A_1_8	0.03995238	0.358578149	0.354700728	0.046058859	0.200709884
CbMPDiCBraya	A_4_3	A_1_8	0.042649754	0.268534491	0.472064949	0.041096587	0.175654219
CbMPDiCBraya	A_4_4	A_1_8	0.037849522	0.229948267	0.501959216	0.095667235	0.13457576
CbMPDiCBraya	A_4_5	A_1_8	0.035156802	0.314683909	0.459715841	0.087175181	0.103268267
CbMPDiCBraya	A_4_6	A_1_8	0.028549002	0.207895505	0.517980177	0.127673227	0.117902089
CbMPDiCBraya	A_4_7	A_1_8	0.00811527	0.236440046	0.496956774	0.090178867	0.168309043
CbMPDiCBraya	A_4_8	A_1_8	0.004905672	0.253515877	0.484559963	0.080298091	0.176720397
CbMPDiCBraya	A_4_9	A_1_8	0.027512647	0.232356866	0.50280583	0.078211539	0.159113118
CbMPDiCBraya	A_4_10	A_1_8	0.028050408	0.201860142	0.57711136	0.095475358	0.097502732
CbMPDiCBraya	A_4_11	A_1_8	0.030939022	0.24290982	0.511028399	0.101637015	0.113485744
CbMPDiCBraya	A_4_12	A_1_8	0.022358129	0.327893192	0.278711198	0.076410435	0.294627045
CbMPDiCBraya	A_5_1	A_1_8	0.004326661	0.184047702	0.45890219	0.019499802	0.333223645
CbMPDiCBraya	A_5_2	A_1_8	0.001283401	0.182005113	0.328552732	0.015152888	0.473005865
CbMPDiCBraya	A_5_3	A_1_8	0.004450881	0.162669256	0.356798564	0.034963357	0.441117942
CbMPDiCBraya	A_5_4	A_1_8	0.005609895	0.158999247	0.405739807	0.016414592	0.413236459
CbMPDiCBraya	A_5_5	A_1_8	0.004119639	0.149397319	0.338800558	0.01678751	0.490894974
CbMPDiCBraya	A_5_6	A_1_8	0.004409449	0.289526748	0.405556578	0.028504615	0.272002609
CbMPDiCBraya	A_5_7	A_1_8	0.00184233	0.163557942	0.519691261	0.070897954	0.244010513
CbMPDiCBraya	A_5_9	A_1_8	0.010287002	0.222871977	0.386232576	0.03483869	0.345769755
CbMPDiCBraya	A_5_10	A_1_8	0.004016431	0.249455223	0.394882915	0.018387919	0.333257511
CbMPDiCBraya	A_5_11	A_1_8	0.003581467	0.230742182	0.24866513	0.05864461	0.458366612
CbMPDiCBraya	A_5_12	A_1_8	0.000269142	0.157404425	0.450072119	0.027907862	0.364346451
CbMPDiCBraya	A_1_10	A_1_9	0.003106032	0.551323065	0.133537814	0.104570096	0.207462992
CbMPDiCBraya	A_1_11	A_1_9	0.00240182	0.576972335	0.062546119	0.134869972	0.223209754
CbMPDiCBraya	A_1_12	A_1_9	0.001076501	0.496009674	0.038261104	0.027266947	0.437385774
CbMPDiCBraya	A_2_1	A_1_9	0.000434819	0.410323519	0.101055297	0.030208118	0.457978246
CbMPDiCBraya	A_2_2	A_1_9	0.003561787	0.292347928	0.254905835	0.03063007	0.41855438
CbMPDiCBraya	A_2_3	A_1_9	0.005610574	0.197891923	0.44153551	0.02834115	0.326620843
CbMPDiCBraya	A_2_4	A_1_9	0.002941196	0.424143135	0.130275005	0.030284553	0.412356111
CbMPDiCBraya	A_2_5	A_1_9	0.003188955	0.255516691	0.372954005	0.033733551	0.334606798
CbMPDiCBraya	A_2_6	A_1_9	0.001242498	0.283144246	0.267883598	0.026175494	0.421554163
CbMPDiCBraya	A_2_7	A_1_9	0.000787278	0.397538503	0.18783154	0.028506704	0.385335975
CbMPDiCBraya	A_2_8	A_1_9	0.001388645	0.55873675	0.122496082	0.135820184	0.181558339
CbMPDiCBraya	A_2_9	A_1_9	0.002733485	0.311547345	0.268795238	0.037716439	0.379207493
CbMPDiCBraya	A_2_10	A_1_9	0.003685838	0.227039942	0.477872336	0.02550929	0.265892594
CbMPDiCBraya	A_2_11	A_1_9	0.004907511	0.169211561	0.519723899	0.022756274	0.283400755
CbMPDiCBraya	A_2_12	A_1_9	0.000248527	0.27346108	0.320475757	0.037242897	0.368571739
CbMPDiCBraya	A_3_1	A_1_9	0.012050031	0.184152849	0.451737465	0.00792912	0.344130535
CbMPDiCBraya	A_3_2	A_1_9	0.014782212	0.241701484	0.245023011	0.014760818	0.483732475
CbMPDiCBraya	A_3_3	A_1_9	0.012382636	0.214729093	0.314618446	0.020913521	0.437356303
CbMPDiCBraya	A_3_4	A_1_9	0.016275172	0.215211074	0.405413092	0.01364392	0.349456743
CbMPDiCBraya	A_3_5	A_1_9	0.001491049	0.251835286	0.259078388	0.017250492	0.470344785
CbMPDiCBraya	A_3_6	A_1_9	0.017682453	0.227729615	0.43174919	0.018052948	0.304785794
CbMPDiCBraya	A_3_7	A_1_9	0.001407981	0.213727075	0.441208551	0.033480107	0.310176286
CbMPDiCBraya	A_3_9	A_1_9	0.000393424	0.148393717	0.465202851	0.054329872	0.331680135
CbMPDiCBraya	A_3_10	A_1_9	0.001574329	0.178179392	0.544972812	0.081980794	0.193292673
CbMPDiCBraya	A_3_11	A_1_9	0.002961146	0.195951399	0.431967192	0.035678075	0.333442188
CbMPDiCBraya	A_3_12	A_1_9	0.002753485	0.228790633	0.323227748	0.012256587	0.432971547
CbMPDiCBraya	A_4_1	A_1_9	0.141344266	0.127869514	0.529738799	0.072675678	0.128371742
CbMPDiCBraya	A_4_2	A_1_9	0.137552175	0.290318212	0.300879899	0.038964897	0.232284816
CbMPDiCBraya	A_4_3	A_1_9	0.138634338	0.24977946	0.383172742	0.034684059	0.193729401
CbMPDiCBraya	A_4_4	A_1_9	0.14766774	0.255236975	0.34204032	0.058544788	0.196510178
CbMPDiCBraya	A_4_5	A_1_9	0.023339939	0.246128704	0.532134223	0.071964835	0.126432299
CbMPDiCBraya	A_4_6	A_1_9	0.006770168	0.23741283	0.496692621	0.073171724	0.185952657
CbMPDiCBraya	A_4_7	A_1_9	0.005838211	0.217271518	0.499614971	0.051307178	0.225968122
CbMPDiCBraya	A_4_8	A_1_9	0.004615976	0.325195504	0.415769006	0.06043461	0.193984903
CbMPDiCBraya	A_4_9	A_1_9	0.007535422	0.271497933	0.479078537	0.090873444	0.151014664
CbMPDiCBraya	A_4_10	A_1_9	0.00908783	0.272261325	0.525750859	0.08559503	0.107304956
CbMPDiCBraya	A_4_11	A_1_9	0.005095453	0.217302239	0.536071507	0.103491469	0.138039333
CbMPDiCBraya	A_4_12	A_1_9	0.004244151	0.388749398	0.317995765	0.015652426	0.273358259
